123866
216158
163821
83198
330483
224709
259029
186250
193107
245929
266473
331901
187931
247199
264782
257250
341795
169808
209081
266736
295245
264785
239437
309588
306701
337673
200330
223721
121891
246423
269564
264783
296366
256520
327671
274145
140706
264784
214877
291242
201704
282508
211589
341872
341798
254757
338882
278120
288365
250161
282856
204731
293060
247077
146774
210126
168454
125582
328937
194184
346769
289969
305862
316258
189833
314555
291366
273730
235030
286973
278178
183123
283051
298211
312960
156171
338539
308053
172441
236737
325935
223405
294450
289259
255143
190570
265854
232729
211703
284438
288725
180437
208365
284959
286441
345796
267279
295540
287218
255233
348405
348689
348174
349129
348710
347914
348363
347652
348931
348395
348406
348397
348558
348756
341795
346293
348632
346313
348285
123866
348265
348528
348577
346336
348765
348542
345796
347554
338539
346626
330483
345797
347814
341872
269710
316258
314688
295540
224709
345591
338882
337673
347040
216158
346629
346625
346886
163821
259029
346624
345581
346623
341798
348050
346631
296217
346769
346630
343166
345256
346645
349056
186250
193107
83198
187931
347553
310997
346628
246423
266473
295245
309588
245929
327671
310047
298211
331901
346627
296366
306701
323430
326636
269564
312960
257250
256520
209081
264782
347023
299421
266736
337351
239437
299451
325935
347150
223721
346030
274145
123866
265725
91988
190547
328333
89447
216158
163821
214991
262685
79240
112341
83198
330483
65915
224709
259029
328560
142850
268393
313155
114512
186250
337519
283964
193107
98548
150376
259332
245929
211780
109851
310510
81542
266473
253290
251764
212679
331901
187931
213519
105985
247199
119514
247373
264782
347988
257250
341795
323396
212163
248670
242739
243006
266736
295245
264785
326779
239437
309588
306701
174840
194323
337673
200330
340629
335543
223721
121891
224257
171016
317609
246423
189890
217972
207971
269564
264783
290959
92251
260048
296366
251640
123067
256520
158493
327671
161954
172821
317641
212940
274145
140706
264784
123275
214877
201704
143412
206473
336788
348700
348217
348721
348405
348689
347988
348256
348336
348174
349129
347407
348428
348710
348557
349003
347405
262685
347914
347326
348690
348720
348363
348342
348563
347652
348565
348286
349064
348931
348395
349130
348406
348397
265725
347881
348564
348558
315704
348756
348769
341795
346293
346313
348560
349071
349063
328560
123866
347537
313155
328333
336788
348394
345443
348007
348209
348265
348949
348687
348339
348577
346336
348765
348953
348542
348450
347516
348006
91988
318317
346963
349070
348561
347554
310510
338539
348414
346626
347034
348018
349062
330483
347814
349066
341872
269710
316258
337519
348684
314688
295540
317609
224709
345591
338882
342868
346822
337673
347040
346678
139808
268015
211862
258479
254818
154710
237955
205367
283057
81542
162059
253290
229257
117487
292495
218511
296112
226730
205978
248670
290695
257755
327604
97440
309588
236904
206106
312659
327306
265188
245592
284243
175825
211538
235920
142386
191515
290794
212746
196386
186825
302115
190579
230566
169229
153583
183250
156412
50822
78656
256336
146203
245388
138573
278093
260621
317445
187365
215044
312919
253843
227790
217512
332343
145051
328759
129106
97725
157767
298019
275896
159086
139178
286515
269773
187774
341754
283818
215531
252870
97713
120990
341287
158268
290328
228717
104984
284433
342867
333398
263087
335771
208445
346356
309874
208945
252072
254556
345907
176791
348569
348824
348988
348555
348780
348491
348154
347860
348473
348231
346356
348722
348141
348310
348252
348243
349031
348500
347810
348545
348241
349067
348976
348434
348443
297280
347794
348501
348329
348193
348238
345907
347795
347577
347183
348949
329004
346820
347353
348422
174389
347232
342867
342434
348251
139808
348134
349005
348733
348533
258479
327604
348532
348374
283057
348384
349094
348674
290328
324270
345823
348380
348433
348185
348888
348382
237955
347022
348191
348179
348337
348672
348188
348176
286999
346091
290794
348525
345141
348522
348842
312659
348288
115641
290695
296112
344187
345067
348526
348155
292495
236904
254818
211862
348373
348436
327306
347591
348372
312919
177013
228922
65273
369377
166713
