191488
273415
190471
52232
354319
266255
273418
323605
316439
316432
329758
184351
165930
355371
323627
306228
330806
354358
204855
121910
340030
165950
299065
318530
165962
106569
154699
317518
300110
299080
307273
323657
309323
322645
318549
208976
330833
245846
273502
130138
237662
136285
357477
274528
330861
311406
322665
184431
288885
327792
337020
152696
359550
175235
187520
268416
267393
220299
158857
43147
346249
105615
238739
132241
184474
309404
276637
315544
287897
277659
123041
363685
235681
235680
235687
113829
235686
235703
286908
354492
286909
325819
262340
330951
307406
146633
351441
334032
317660
219354
332000
295139
301289
329973
357616
122105
99577
252
253
311546
190722
256
347396
261378
257
258
343302
259
259335
326914
225540
328962
245003
267534
234770
350487
345366
105746
315677
330012
312606
178456
275736
337176
256286
182556
364827
293157
123170
342306
320803
163119
265515
330039
323894
325936
279856
295218
288061
307513
311611
191805
158019
305478
362816
247114
110922
352586
363857
316754
93528
296287
323935
332121
346459
303463
239968
321890
356717
334188
359788
94570
362858
311667
351615
335227
319867
313723
127373
281994
294283
364948
298390
332183
363927
355734
332182
277905
308637
152984
329112
264601
278948
320932
335268
202146
304546
296360
136620
264619
91568
349623
313783
177599
320967
281031
239047
350656
44487
300491
335317
215511
319972
335333
328164
184803
206310
354797
291311
247278
296426
319989
145907
267762
103929
308735
330233
339460
228865
116226
324097
94731
192008
296458
272919
278032
197142
264723
276004
344612
165408
344611
320044
337454
338474
291371
343607
269874
321087
329274
351814
160327
227910
319041
261701
301634
117327
266827
336470
364125
258654
365156
183904
115298
178791
218729
365163
210547
346743
310896
288369
97910
276092
255610
284286
178808
288383
315007
259711
346747
326278
322186
325259
234129
182929
240277
246435
324262
307879
157350
115364
197290
328366
115370
335530
115374
149165
350910
287416
350917
336580
276167
236229
347855
243400
324303
207567
317131
324299
321236
323280
363218
327389
313055
315110
79587
315111
289506
330467
294636
317164
349932
188139
329455
319214
341742
330473
338667
290538
236277
331516
203516
281349
303879
338694
274177
176900
357128
341768
193293
193300
193306
334629
278309
161575
348963
324392
331563
319274
133945
314170
250684
351045
351044
294725
357196
265037
126795
257865
286543
355147
334667
332629
351061
308049
154455
333660
102237
330584
133980
364379
324454
325479
327521
104297
283509
288631
164726
309105
356211
319346
315260
217982
128892
258951
359297
92036
345984
335755
333706
295830
335763
322451
185237
336795
318363
241575
289697
276397
329646
187309
334769
135094
164795
335800
112577
329665
356300
328655
337871
358351
225228
196557
364502
324573
153566
248799
327641
191455
205788
328676
326638
311274
329712
327678
246780
366499
346911
358395
306292
368978
289857
355564
368769
369014
369123
369166
304471
369726
370724
375027
106847
378270
