347396
347365
347058
347382
347570
347031
346932
346821
346826
347326
347182
347221
347416
347405
347431
347034
347306
346715
346797
346802
347109
346668
347291
346963
347244
347180
346795
347040
347535
347572
346356
346295
347597
346342
346946
346999
346443
347389
347300
346803
347141
333923
347226
346689
346626
347205
346968
274788
345248
346629
307349
336668
346623
347173
346625
340438
292932
345983
347483
346202
346630
346624
346663
347179
345907
346628
346993
346313
346426
346336
346897
343796
346677
314412
333108
282243
345707
342418
346183
345796
272972
322380
347580
289857
177013
345682
347118
346843
313039
239990
347023
346983
268281
342844
347211
346937
345169
347476
322752
347539
177013
177978
239990
178983
244327
118282
289857
75165
123554
140870
257326
155235
85289
123866
81652
142154
253119
267270
159293
168333
182290
262254
91988
274788
174016
118069
107965
129595
187373
335973
278581
275877
313039
158050
210185
178874
343796
322752
157475
167586
244428
340438
165774
237595
165310
217410
343922
268281
272745
169134
334362
199827
253687
262395
220958
333923
334149
114057
142314
255662
138292
285981
219358
214230
220309
271797
232291
273646
204746
185294
88848
160609
342844
318530
288762
204224
177674
219077
211312
266402
235899
209704
271920
166174
151436
283793
188717
319346
264920
325211
171091
285651
178992
258654
153643
242808
235905
265536
203978
334484