227910
297974
177978
239990
329882
178983
244327
289857
142825
75165
123554
286444
228626
298547
304307
140870
318224
257326
199533
155235
85289
295679
290886
123866
81652
287001
184840
253119
330975
150309
267270
159293
135474
168333
182290
262254
91988
174016
118069
274788
344031
342738
305196
129595
187373
304256
139209
317115
335973
278581
264370
126290
313039
91914
158050
210185
157475
331464
343796
322752
327792
332162
325479
340438
237595
336510
165310
217410
343922
261451
313815
268281
259264
334362
187068
252823
295703
137838
316945
253687
220958
323934
263493
334149
255662
313521
138292
285981
226181
214230
256097
220309
271797
341805
292638
340736
344844
273646
204746
185294
347021
346925
346564
346950
347013
346555
346888
346748
346804
346876
347168
346511
347363
346872
347250
347048
347294
346867
347058
347024
346887
346702
346951
346703
347031
346704
346932
346715
347365
346687
347197
346801
347098
346884
346900
346912
346938
346686
346660
346911
346554
346679
346570
346569
346959
347299
346909
346693
346871
347003
346943
347056
346295
346741
346758
346342
346443
346948
346537
347306
347101
347034
347326
346115
346746
347382
346908
347109
346902
346672
347102
346811
346962
346752
347236
347198
346963
346623
346796
346717
346626
346689
346629
346716
346631
347281
346582
347006
267986
346949
346973
346452
346683
346625
346727
346624
346630
346822
347033
346725