289857
286444
220958
114057
140247
258654
235905
156069
343243
190320
320042
265342
281289
278575
196238
264275
259137
215172
316231
326483
342099
230772
91505
267581
311498
270606
112263
294867
325530
151132
119055
245296
287639
276396
300948
170067
266473
336857
253290
325014
204488
339923
277178
139830
193755
346876
273543
246288
249431
196264
218305
276867
332018
341795
289798
300921
154845
290625
329353
274917
294298
249730
291925
292411
223315
302287
332054
179344
299359
287864
121840
298949
252393
339953
198109
342603
278953
194661
129053
203646
311936
225482
298321
236202
278177
313064
206473
336097
117519
251966
182393
256804
212732
171863
307853
340978
224786
238873
298334
152690
152690
269425
265660
254693
269403
278120
341798
311955
342418
284057
273911
254935
155958
293883
311750
278157
274458
241068
257218
232719
76299
266162
219221
308770
176880
110838
284898
300560
48451
55761
254130
229921
142773
249420
112940
256196
171594
208657
324574
150541
314980
251332
290630
142286
250947
122249
263628
316884
310019
254609
254609
316481
164875
249870
166295
161819
214080
102540
300725
294778
216082
309265
168954
271639
143217
329926
335903
335393
310682
271996
310096
255395
60949
345796
151268
272181
301157
71536
301748
339924
257136
233186
65925
152993
164963
115758
318356
331349
269045
226300
198908
114263
197242
159794
178648
233247
230781
276353
299437
165238