347058
347326
347405
346797
346795
347040
346822
346858
347526
347300
346803
346678
347516
347163
347387
346755
347458
346937
347563
346461
347028
347066
347136
347279
340726
339531
259332
346460
300234
276221
341872
345874
346223
204224
346184
341752
343270
347620
209704
345755
284284
345757
322978
345756
316454
345532
345660
344797
268393
274196
338381
318444
332973
320992
347624
220320
285314
345737
341387
205260
149112
347636
261256
257664
316548
251966
342923
346069
334326
246020
231384
252528
309990
325232
344290
293384
330690
346439
268580
171461
274289
330689
261813
315127
243269
230366
344289
139062
346197
212940
306692
97440
263177
159062
184464
299181
308909
334424
267924
335280
204224
209704
339531
268393
274196
220320
231384
149112
171461
316548
259332
257664
276221
139062
322978
246020
285314
97440
268580
261813
284284
274289
309990
308909
123067
212940
332973
162677
286569
251966
263177
289611
332462
330690
320992
347058
226564
188032
341872
239931
147944
265096
306692
293060
249249
129025
148345
210390
267924
258159
193781
191603
318444
189520
254556
265871
338381
223405
199854
284593
220854
299181
22218
331942
197616
216487
141469
280464
273457
103664
302931
340726
257168
199775
131784
208931
217419
254523
330689
329546
297447
217605
304005
186889
180602
184496
243269
303627
262257
298378
235856
169276
255515
192626
341752
49526
282024
205260
276674
238815