227910
177978
178983
146595
289857
75165
228626
298547
344322
199533
85289
290886
123866
81652
287001
340093
184840
253119
330975
150309
267270
168333
111082
91988
118069
129595
187373
287158
317115
335973
264370
126290
275877
91914
158050
322752
165774
114883
217410
268281
329822
272745
187068
173023
295703
175220
253687
262395
334149
214230
220309
341805
232291
344844
273646
130350
185294
88848
293304
337171
318530
204224
177674
219077
156153
190547
211173
213012
325819
188717
311546
319346
171091
152969
258654
344982
156069
242808
235905
211648
343302
152246
333734
249743
335630
203978
158862
338006
122064
204669
191049
337033
255308
346126
190320
286089
161519
324519
258133
181008
346888
346804
346511
347363
346703
346126
346912
346570
346569
347299
346909
346899
346591
225019
347396
346546
346293
346680
344844
347258
287814
346846
287158
346461
298547
346444
346333
258133
344618
346164
166671
346531
347207
346722
346942
347300
347226
268281
187256
346335
346428
132540
346972
290886
345863
345968
330975
314412
311546
289857
344322
346143
246220
340093
227910
168319
344031
344982
346204
339869
286139
345776
111258
322752
317115
273646
335973
345604
345232
228626
307693
287001
245676
264370
308015
164854
346036
178983
305685
177978
262771
233773
319534
334149
257059
253687
336091
343302
293304
345678
345680
318661
325819
346274
302689
206026
296213
331461
312573
346714