347648
347726
347861
347800
347874
347797
347702
347854
347512
347701
347589
347555
347672
347493
347405
347434
268281
347654
231611
347580
347662
347221
347378
347647
263699
346115
345483
347291
347716
346938
260818
267986
346960
347700
239990
347183
289857
329882
253600
336987
347598
346889
177013
227910
91466
346202
342844
295460
346702
178983
335970
347482
342709
314412
340116
346293
312424
347484
338347
346668
264370
155235
177978
273646
81652
244234
275709
123554
237595
285651
294224
347392
326132
339904
346826
333734
318661
324519
347467
347317
339531
220958
324429
339019
187373
246220
313155
312645
341872
345540
283291
296611
142154
255308
345747
346426
237485
291229
337563
344794