227910
177013
177978
118282
289857
123554
304307
140870
295679
123866
81652
265725
287001
330975
150309
159293
135474
168333
262254
174016
274788
305196
304256
278581
264370
205426
158050
210185
322752
167586
244428
340438
237595
114883
165310
217410
334362
137838
142314
226181
214230
256097
319214
232291
340736
88848
293304
337171
343141
252544
260629
190547
331937
211173
140247
213012
282288
152969
258654
329542
156069
235905
282962
152246
150808
337906
138889
334484
158862
306102
122064
336994
340116
337033
344027
145647
89447
316920
121306
211519
117305
286089
265949
195142
291486
261633
317269
265342
237549
123450
237485
334886
187611
322350
175658
176234
298399
325810
328208
332835
346527
346876
346792
347024
346552
346404
346889
346686
346569
346959
347221
346356
346948
347308
346321
347240
267986
346452
346971
346546
346284
346663
345248
346336
346313
345983
345907
346183
346304
345273
347131
340438
346701
347027
345960
333979
346453
346615
346210
347360
274788
346972
347220
347264
331937
317269
330975
346977
346739
289857
345433
346424
347146
246220
338290
347068
347108
177013
347372
347275
295679
227910
282243
304307
346958
347000
347391
322752
337906
344766
275078
305196
347103
304256
118282
346507
346276
346978
347323
287001
264370
308015
343091
262254
319214
177978
344668
262771
344027
346291
346345
265725
340116
291486
123554
284846
293304
332835
268742
346421
348963