177978
244327
265725
142154
150309
168333
111082
129595
275877
205426
178874
322752
167586
244428
114883
217410
169134
187068
173023
175220
286769
219358
232291
88848
177674
266402
190547
211173
166174
151436
213012
285651
242808
152246
150808
334484
158862
122064
168574
315891
191049
89447
121306
344660
181008
326132
317269
123450
338347
343041
187611
175658
176234
346024
163821
196017
192340
93192
263516
268196
345587
144057
341628
212170
220380
311263
179267
125372
258212
321599
225872
247896
271443
72987
324971
154284
170561
198832
79240
167949
262427
236056
202749
83198
63367
210132
194036
152889
295362
216819
336093
263576
264609
101597
201583
180252
308015
114187
226861
318184
346527
347096
346552
347162
347104
346960
346889
347182
346570
346899
346998
346431
347178
346898
347201
346963
346591
346321
346669
346717
347244
346716
346894
347022
346284
346636
346663
346493
346787
347258
347138
346469
346858
347192
346024
347313
346639
346710
347378
346761
346486
346588
345587
346855
346306
346538
346183
346808
347314
345273
346164
346433
344297
346732
345960
346335
346955
344018
346428
347305
343723
345682
346091
346807
346818
347220
317269
346915
347253
345863
346436
345433
347146
347068
346442
346607
333517
346301
346475
343041
331901
346843
346954
322752
346800
345721
344766
346279
332637
346634
305308
347202
169134
244327
344660
346917
264370
308015
164854
316437