297974
123866
129595
264370
237595
165310
217410
272745
253687
255662
214230
271797
232291
288762
260629
319346
235905
258362
334484
343243
337033
344027
322460
265949
326132
334886
346925
177489
201031
192340
220380
214991
242460
247896
302610
272425
176455
319435
264275
329864
83198
337879
255369
292453
281017
321298
330483
330108
65915
246088
122984
338580
317451
276591
317584
328998
274329
201814
263507
328909
173859
337912
312645
253799
121832
302842
100481
204832
313819
268292
100034
276728
329757
330821
244234
248341
297087
196341
341708
326639
331988
276904
316234
170067
297807
286787
168602
176640
139556
176208
339449
225275
259890
255591
339767
275709
225990
276221
208323
251764
346925
347168
347162
346623
346626
346629
346631
346625
346624
346630
346724
346628
346627
347192
346313
347025
346183
297974
346433
347036
346309
345796
346840
347212
168319
331901
346923
346983
347023
264370
344027
346291
253687
338334
255662
312645
347150
312573
345470
345676
123866
232291
342418
237595
322460
102543
313507
344048
346726
192340
337563
288762
346790
334484
345052
344496
345719
129595
346789
341708
302610
319346
341795
340020
244234
263109
346982
260629
346947
165310
343243
347008
338580
275709
202750
202750
344158
345998
343838
329224
240543
328909
272745
326132
235905
258362
330108
337033
330821
343023
344283
329864
214230
342868
344694
330483
339449
344367
265949
342752