177978
239990
289857
142825
123554
304307
140870
85289
295679
265725
330975
150309
111082
262254
274788
304256
139209
264370
126290
91914
210185
322752
327792
237595
165310
259264
137838
220958
142314
263493
313521
138292
288026
214230
256097
226181
271797
292638
273646
183714
317039
288762
159433
260629
211312
235899
211173
140247
213012
282288
259569
325211
258654
338672
281862
184190
343302
333734
203978
337906
158862
340116
145647
257132
274687
321079
223349
284405
211519
117305
336272
261633
317269
265342
237549
123450
237485
345222
187611
322350
175658
328334
298399
177489
268742
346115
191093
301617
144057
182528
268015
314409
275697
188337
275756
165870
326485
249938
342998
333258
346564
346950
346511
347250
347024
346704
346715
346938
346554
346959
346693
346547
346871
346342
346948
347326
346115
346746
346811
347236
267986
346452
346724
347117
347005
346846
346999
346134
346313
347064
345983
347015
346757
346673
345907
346422
346968
288815
346829
347131
347190
346312
346406
346615
346399
346427
325333
347360
346257
346206
274788
347305
346186
346972
346860
317269
330975
344810
314412
347385
289857
347222
340718
346424
347386
347134
338290
346830
343857
346976
347275
347395
295679
239990
261062
346316
304307
346958
313521
347297
322752
337906
347271
314409
308993
304256
273646
346468
346507
346035
347172
264370
343091
339019
262254
262405
177978
345222
346425
345974