227910
177013
177978
239990
178983
146595
339912
244327
118282
289857
142825
75165
123554
286444
228626
140870
257326
199533
155235
295679
290886
123866
81652
287001
340093
253119
330975
159293
182290
274788
342738
305196
107965
129595
187373
304256
278581
264370
275877
205426
313039
91914
158050
157475
343796
322752
327792
167586
325479
237595
114883
165310
217410
268281
329822
272745
169134
259264
187068
173023
199827
137838
316945
253687
286769
220958
323934
263493
334149
342107
255662
313521
285981
327447
226181
256097
271282
220309
271797
341805
292638
232291
344844
273646
130350
185294
88848
293304
160609
337171
318530
317039
342844
345255
252544
204224
317646
317164
159433
260629
346925
346564
346950
347013
346555
346888
346804
346876
346511
347251
347250
347048
347294
346769
347058
346792
346702
346552
346703
346704
346932
346659
347365
347162
346715
347104
347017
347197
346801
347098
346884
346900
346912
346913
346686
347182
346820
346554
346914
346909
346693
346871
346295
346741
346342
346948
346431
347326
347034
346115
346810
346898
347109
346891
346672
346910
346408
346645
346901
347180
346665
346638
347240
346689
347281
267986
346949
346452
346589
225019
347099
346725
346293
346636
346957
346680
346681
346493
344844
344269
345248
346999
303643
346134
346461
346677
347378
346782
346803
345983
347015
347311
339912
345587
317646
346558
347141
351814
346586
346183
346671