347643
347653
347396
347521
346925
347648
347365
347058
347839
347072
347407
347162
347755
347872
347753
347752
347431
347299
347003
347409
347353
347492
347291
347494
347232
347039
347406
347740
347032
347040
347313
346887
347117
347688
241880
347519
346943
347311
347401
347069
347209
338474
347183
347668
347480
347520
328812
347076
339912
347878
347569
347705
347393
347518
346867
347015
346115
347483
347786
298745
346971
347829
347495
347619
347634
347768
347664
297974
331937
347415
327457
347077
347261
347346
347509
275806
347702
347784
344582
292597
347539
323934
347647
290886
346894
347257
343796
347848
347486
314412
246220
347468
292932
347155
282243
333923
346941
347889
347635
298288
351814