227910
329882
142825
286444
228626
298547
318224
257326
344322
295679
123866
340093
184840
253119
267270
159293
262254
274788
344031
342738
305196
107965
287158
304256
278581
205426
210185
178874
343796
327792
209519
165774
325479
340438
237595
336510
165310
268281
329822
272745
169134
259264
334362
173023
199827
252823
295703
175220
316945
253687
262395
286769
220958
114057
263493
334149
342107
333923
255662
313521
219358
327447
321087
226181
256097
271282
319214
220309
271797
341805
292638
273719
344844
185294
183714
332931
337171
342304
331167
317039
343141
342844
345255
252544
204224
317646
336470
317164
219077
266402
341352
336778
235899
331937
271920
226571
274494
325819
311546
319346
347021
346564
346950
347013
346748
346527
346804
346876
347168
346511
347363
346430
347250
347294
346769
346792
347024
347096
346887
346768
346702
346951
346703
347072
346704
346659
347265
347162
346821
346687
346805
347017
346126
346889
346801
347098
346884
346900
346912
346913
346686
346911
346554
346914
346570
346959
347221
346909
347100
346871
346943
346295
347073
346899
346758
346443
346998
346431
346920
346115
347106
346898
346908
347109
347144
346902
347102
346907
346962
346910
346408
346645
346901
347201
347236
347198
346906
346591
346426
346865
347039
346321
346669
346717
346904
347244
346905
346689
346716
347281
346859
267986
347396
347032
346949
346973
346452
225019
346557
347033
351814