227910
239990
329882
339912
244327
142825
75165
286444
228626
298547
304307
318224
257326
344322
199533
295679
290886
287001
340093
184840
253119
330975
267270
159293
182290
274788
234638
344031
287158
304256
317115
335973
278581
275877
205426
313039
178874
157475
331464
322752
327792
165774
332162
340438
336510
165310
343922
261451
313815
268281
329822
272745
169134
259264
334362
173023
199827
252823
137838
175220
316945
253687
262395
286769
323934
114057
263493
334149
342107
333923
255662
313521
138292
285981
219358
327447
321087
288026
214230
226181
256097
271282
319214
220309
271797
341805
292638
273719
340736
344844
273646
185294
183714
332931
293304
160609
337171
342304
331167
317039
347399
347398
347396
347395
347391
347390
347378
347377
347376
347372
347371
347368
347364
347363
347359
347357
347356
347351
347344
347343
347342
347341
347340
347339
347338
347337
347336
347334
347333
347330
347329
347328
347324
347321
347298
347294
347290
347289
347288
347286
347281
347275
347265
347261
347259
347258
347255
347252
347250
347245
347244
347238
347237
347233
347231
347229
347228
347226
347225
347221
347220
347212
347210
347207
347206
347201
347187
347185
347184
347177
347176
347175
347170
347168
347166
347165
347164
347162
347158
347155
347154
347151
347150
347149
347148
347144
347133
347131
347130
347121
347115
347114
347113
347109
347107
347106
347102
347099
347098
347097
351814