347643
347521
347493
347855
346888
347031
347755
347597
347308
346960
347003
347356
347175
347818
347745
347321
346938
347325
347436
347117
347519
347075
347615
347390
347435
347541
347849
339912
347057
346342
346826
347768
297974
347415
347305
346552
346715
346665
347485
323934
346511
314412
347468
302286
292932
338667
346404
347815
347364
347149
347108
347697
346935
322798
342709
344561
346693
239990
346024
347465
347610
322752
347889
347557
330975
347662
118282
304307
317115
287001
177978
343302
346663
244327
335973
346972
281131
347371
265725
273646
264370
339019
343922
333455
255662
315294
283657
345953
346638
234638
325944
332162
244428
312567
337563
318145
345478
331464
344352
300055
297974
177978
239990
339912
244327
118282
123554
304307
265725
287001
330975
135474
168333
111082
118069
234638
317115
335973
264370
126290
158050
322752
331464
167586
244428
114883
217410
343922
347643
187068
323934
142314
255662
285981
214230
232291
273646
340736
130350
288762
260629
159433
211312
156153
211173
140247
213012
282288
283793
259569
343302
156069
265536
334484
122064
292932
344733
315869
89447
121306
211519
227498
323771
265342
247453
346024
270582
187611
175658
176234
332835
328431
339294
343211
272029
263516
224921
144057
173101
325394
165870
333258
312567
331737
258212
321599
225872
149760
247896
322345
154284
262685
198034
331632
198832
207430
79240
271007
262427
285504