239990
329882
244327
289857
75165
165962
340093
262254
129595
244428
332162
114883
343922
187068
173023
130350
293304
190547
323026
264920
235905
152246
334484
328333
321079
189597
237485
254838
210133
176234
178931
337864
347021
336580
333456
321078
275756
342998
339530
214991
277659
242460
72987
345540
291201
302610
262861
321476
342387
336366
326638
271007
338855
319435
63367
267980
333979
346950
344190
151165
180252
267470
161502
339532
344267
254818
178392
266034
336576
335080
342490
268393
328909
89563
342796
52411
165961
337980
341520
339773
340030
267581
204365
311498
332662
112263
87077
162709
107668
178968
329745
266448
279499
72988
268293
245855
338209
273405
100034
48972
347021
346950
346888
346887
346951
346884
346900
346912
346913
346911
346679
346914
346570
346569
346909
346295
346443
346908
346902
346891
346907
346910
346901
346906
346623
346904
346626
346905
346629
346631
346625
346624
346630
347099
346822
346903
346628
346293
346627
346339
346148
303643
346446
346461
346336
346313
346447
346306
346444
346034
346620
346968
346333
345878
346966
346309
345796
333979
346770
347113
346460
346457
303638
339503
346033
345682
329882
347114
346334
289857
346143
345433
345797
346545
340093
235678
239990
347163
345776
344561
341871
333922
339773
338075
244327
304287
345540
339019
165962
262254
262405
345478
345735
345823
347028
336091
343922
293304
346149
345678